- OS: Windows-10-10.0.22621-SP0 10.0.22621
- Python: 3.10.13
- Stable-Baselines3: 2.1.0
- PyTorch: 2.0.1+cu117
- GPU Enabled: True
- Numpy: 1.26.0
- Cloudpickle: 2.2.1
- Gymnasium: 0.29.1
